[Beam]
radiusOfCurvature = 11000
width = 2.2
direction = [-509.2,   32.9,  213.2]
position = [-20072.0, 720.0, -106.5]
wavelength = 0.001064
indexOfRefraction = 1
verbose = False

[Element01]
Type = FlatMirror
ID = IM1
positionOfCM = [-20581.2, 752.9, 106.7]
parameter_d = 0
yaw = -1.01536
pitch = -0.43815
diameter = 26.0195

[Element02]
Type = Mirror
ID = IM2
radiusOfCurvature = 6240
positionOfCM = [-20980.1, -477.8, -107.5]
parameter_d = 30
yaw = 1.113
pitch = 0.0831
diameter = 26.0195
concave = False

[Element03]
Type = Aperture
ID = Faraday In
positionOfCM = [-20828.9, -256.648, -107.317]
yaw = 3.74122
pitch = 0.000684038
diameter = 18

[Element04]
Type = Aperture
ID = Faraday Out
positionOfCM = [-20490.1, 238.956, -106.906]
yaw = 3.74122
pitch = 0.000684038
diameter = 18

[Element05]
Type = Mirror
ID = IM3
radiusOfCurvature = 12800
positionOfCM = [-20320.1, 487.7, -106.7]
parameter_d = 0
yaw = 1.11301
pitch = -0.0005
diameter = 26.0195
concave = True

[Element06]
Type = FlatMirror
ID = IM4
positionOfCM = [-20681.0, -630.8, -107.5]
parameter_d = 0
yaw = 0
pitch = 0
diameter = 26.0195


    