[Beam]
radiusOfCurvature = 11000
width = 2.2
direction = [0.999982, 0.00590638, 0.000680244]
position = [-20194.3, -628.0, -95.8]
wavelength = 0.001064
indexOfRefraction = 1
verbose = False

[Element01]
Type = Mirror
ID = PR2
radiusOfCurvature = -4555
positionOfCM = [-3581.4, -530.4, -84.5]
parameter_d = 37.5
yaw = 3.13348065359
pitch = -0.000653
diameter = 150
concave = False
    
[Element02]
Type = Mirror
ID = PR3
radiusOfCurvature = 36000
positionOfCM = [-19740.5, -174.0, -94.8]
parameter_d = 50.07
yaw = -0.010761
pitch = 0.00062
diameter = 265
concave = True

[Element03]
Type = Mirror
ID = BS
radiusOfCurvature = 1000000
positionOfCM = [-202.6, -183.9, -82.9]
parameter_d = 30
yaw = 2.3556693267948967
pitch = 0
diameter = 370
concave = True


    