[Beam]
radiusOfCurvature = 5
width = .01
direction = [-0.99998273, -0.00587697, 0.]
position = [-20188.70001727, -627.99412303, -82.5]
wavelength = 1064e-12
indexOfRefraction = 1
verbose = False

[Element01]
Type = Mirror
ID = PRM
radiusOfCurvature = 10000
positionOfCM = [-20189.7, -628.0, -82.5]
parameter_d = 0
yaw = 0.005877
pitch = 0
diameter = 200
    
[Element02]
Type = Mirror
ID = PR2
radiusOfCurvature = 10000
positionOfCM = [-3581.4, -530.4, -82.6]
parameter_d = 0
yaw = 3.133500653589793
pitch = 0
diameter = 200
    
[Element03]
Type = Mirror
ID = PR3
radiusOfCurvature = 10000
positionOfCM = [-19740.1, -173.9, -82.7]
parameter_d = 0
yaw = 0.011284
pitch = 0
diameter = 200

[Element04]
Type = Mirror
ID = BS
radiusOfCurvature = 10000
positionOfCM = [-0.706736, 0.707478,  0.000447]
parameter_d = 0
yaw = 2.3556693267948967
pitch = 0
diameter = 200


    